0 KCOUQU 4034994 92526
0 LQVXKL 6409754 142191
0 NJOQDX 2411715 71385
1 LUHOZC 19190362 298409
1 NWHHVG 14428973 287799
1 NLEXHO 9732190 195426
1 LLLCED 32912112 497168
1 LJOUGC 22424948 361998
1 NDCSWX 19810281 409444
1 NJIOKJ 22612698 361777
1 MAOLUY 14157949 203542
1 MOJYVR 12718951 173559
1 NSFJWE 24703074 558259
1 OQFTWD 14138236 322373
1 OQKQQV 7004604 157650
1 OQKQGE 6691773 146555
1 MADCBB 12019738 170790
1 MVLAWE 27050522 473894
1 KSCTYR 24019822 391724
1 OCKXFQ 16702821 442550
1 MLPVND 20571350 375739
1 HKTGZZ 21091824 326431
1 IGISGK 14760642 216848
1 MDLXJU 8245933 116683
1 GXUTBF 10205878 121365
1 KOFRQK 9071440 154413
1 MZPWXY 7745903 109194
1 KRNOMS 11496392 168881
1 IGIIWH 18742955 304530
1 LJPNJY 9251976 126567
1 NXCWOR 0 0
1 NFCRJJ 16848196 311677
1 MULOMP 31080753 463043
1 MZLXVA 17233314 241385
1 LXIUDV 17915042 264061
1 LLHNKK 12486768 189132
1 MOYDKF 34354444 519868
1 LNNPLI 16113959 258570
1 NRZLKE 13814778 319470
1 NECOIJ 28051010 447653
1 NJOZEP 16209781 309429
1 NPJAGL 0 0
1 LNNGUA 13479412 214023
1 JEZNFN 11048367 153035
1 KPHJXQ 15052467 211991
1 KUOLAK 16381640 205080
1 OADMBO 6217222 116122
1 JURQXQ 24925498 367816
1 NPUGWB 0 0
1 JIUEJB 15511785 204940
1 HKRZAV 11214181 163417
1 MIICEA 9624475 157195
1 LDQHVU 10177517 150526
1 NFQJAI 8982317 194038
1 KGZHQQ 13507127 185018
1 LCWGAW 11603488 175015
1 HTDTSI 10185971 116123
1 HIHZYG 11968636 157062
1 JCFMGF 7054145 106590
1 OOLRPF 6698747 145826
1 KHRWAH 5693050 84373
1 NHCEAK 4265245 73433
1 NAMTHB 7433348 146265
1 HPMMRV 10758874 144232
1 NSMJGS 5557262 146495
1 BNNTHT 7764620 134987
1 OCKXGK 2548739 54446
1 OPDFMS 4285494 102478
1 LJEFGB 5276136 115607
2 IYJNRN 10944651 167796
2 ICXONN 24407415 419233
2 MHVWCM 16623986 335879
2 KECIZR 10176765 173048
2 EZFTXS 30026364 553545
2 IBKBBV 5637356 107869
2 GKAOUS 8011769 143707
2 HWSXTG 6161252 137469
2 HYMGLI 4212091 88125
2 HLXIUF 3874541 76818
2 DWUTBW 2845983 49232
2 MXCPMO 4697632 126022
2 MDPWGE 3064988 85325
2 KHLZYW 6673259 144975
2 LRODXK 12147550 272309
2 KAOZGG 5009932 80251
2 HOPJWU 17307975 302601
2 HAVBSN 12629569 197833
2 KKBIEZ 16726385 287960
2 HSTKGH 10213366 189382
2 KKMBZF 14550383 235660
2 KJOBRM 28441467 500674
2 MCDOYF 33373230 471391
2 LUJUEG 14512657 243700
2 KIYMBO 18528743 291414
2 KFIALU 11118877 186047
2 KOXIHV 10253962 152062
2 LAVLQO 6583472 95652
2 MEPIGG 5526207 80626
2 MFSTHU 0 0
2 OAHQQR 0 0
2 LQWCNU 4472462 74394
2 HZFHKV 6014437 94582
2 HBRQKT 20647821 296322
2 KTJVSL 4173677 78675
2 LTMCGW 35489610 411271
2 LZOHBC 0 0
2 GFYDAI 3637744 56314
2 INMEXJ 2220425 51108
2 GWUFWA 3783121 54576
2 DCWYTE 2430914 47979
2 LZOLFG 6392010 96660
2 MMSEBS 9020716 164685
2 LCFYTO 12466595 200698
2 IJKPPQ 18751237 264798
2 LVONFY 3960594 117245
2 NBHWSF 6716165 161905
2 MCMEVJ 3233806 82617
2 IQBHDA 6145183 152691
2 JPYYVJ 4401681 102947
2 MOUPCV 5308407 112331
2 KAFFBK 3892508 82926
2 EDFBGD 6379542 108799
2 MLWZTU 6425620 106243
2 FQFOMQ 3867579 60166
2 NHEKXL 2677541 72804
2 NCSXDQ 6442823 167489
2 FZJPPZ 3775570 66003
2 LTCVRU 3926184 76828
2 BMNMXQ 14576407 183977
2 FSLOUG 6096200 115660
2 MFHIPI 1655526 37707
2 CBKZXJ 5148882 91460
2 HPUVDH 10777773 161849
2 LHKOUM 0 0
2 IPLHGA 2896403 54766
2 FRDGVB 20023867 154742
2 HWTLXZ 3374630 59911
2 FVBOCY 2364320 52648
2 JNUGZC 4346059 85043
2 LMTESF 5847417 87955
2 LQELAB 10325886 155640
2 NNPFSU 12779155 223547
2 GUVVCK 4410581 97101
2 NDQWZJ 7317956 125139
2 HYWSTQ 9209814 113923
2 EYLHEX 2768472 62965
2 IBSISN 2846606 53830
2 KCRTME 2250442 50117
3 HBKVPC 14159192 228720
3 KEPIUR 21332611 298179
3 ICWMPM 14918420 265180
3 IJPZOA 10584565 126677
3 ELIIIB 12593150 211561
3 FJBFKT 7192200 121903
3 HTHWSF 15779827 205697
3 CSOFRU 5108254 103076
4 GNNVQI 16269330 216710
4 IJZXPQ 15321138 257376
4 IUFIRA 32114737 427013
4 IPLKSC 23782147 269988
4 JOSYBK 45863858 665258
4 JEFWPM 24670738 274796
4 JPZSKI 27687331 276253
4 CCLQJV 20358800 326918
4 KOOCOO 27187784 294812
4 IVZWKO 14336240 182531
4 IHCYZW 14508768 253078
4 IEVVXF 12782789 190780
4 MKJJGY 36518062 427963
4 GLGCTS 10926337 186018
4 EMOQWW 10114542 130717
4 BUKEDH 0 0
4 BTNYEZ 4533887 64764
4 FLEEKP 20524400 234964
4 IGQKLT 27398549 399121
4 IFQBIE 0 0
4 GTAEQW 12881373 181947
4 LWBIYJ 25402289 330258
4 CXNLTV 0 0
4 EEGFNU 12013995 189799
4 FABQBS 15383278 171263
4 HTLHWR 13700638 123015
4 HRBTEC 5875116 88353
4 HAPXRJ 20211176 300730
4 JMEEUT 0 0
4 IGHDYH 11239423 122910
5 CCCEPP 5905091 130931
5 CQHKSN 7655283 167996
5 DWBFRT 10302619 131294
5 DWATMN 7029788 100949
5 BVRXXT 4237761 82038
6 JQJZRM 14749491 255299
6 KOHSQG 4398097 80667
6 JNGMRP 6943328 111508
6 JIULII 12795277 160610
7 ODKZLM 4910842 126141
7 NXCZIK 3733780 81665
8 OCZNPD 6043427 156188
8 NVZGFT 3731816 81367
