-0.0150798202574
-0.012496
-0.008965
-0.005657
-0.001994
0.002016
0.007565
0.013673
0.020612
0.023765
0.02687
0.029818
0.032683
0.035507
0.0382
0.040775
0.043675
0.046867
0.050584
0.054858
0.059419
0.064201
0.069976
0.076937
0.085166
0.093321
0.101549
0.111644
0.120876
0.129499
0.138179
0.144067
0.149833
0.1562
0.162085
0.165844
0.168899
0.171813
0.174615
0.177304
0.180728
0.183962
0.186884
0.190194
0.193025
0.196887
0.200289
0.203215
0.206791
0.210143
0.21344
0.216112
0.218963
0.221575
0.223938
0.227628
0.232246
0.237481
0.243751
0.250035
0.254922
0.25923
0.264691
0.270256
0.275224
0.280126
0.284579
0.288816
0.292659
0.296109
0.298673
0.300982
0.303259
0.305511
0.307683
0.309829
0.312708
0.315457
0.319038
0.323538
0.327561
0.331422
0.334999
0.33805
0.341077
0.344087
0.346302
0.348429
0.351347
0.353374
0.355313
0.357232
0.359111
0.360925
0.362737
0.364488
0.366236
0.367921
0.369547
0.371169
0.37275
0.374573
0.376375
0.377898
0.379406
0.381893
0.384366
0.385862
0.387302
0.388721
0.390094
0.391362
0.392619
0.393875
0.39513
0.396383
0.397614
0.398841
0.400044
0.402051
0.403767
0.405302
0.406535
0.408065
0.409267
0.410451
0.411624
0.412798
0.413949
0.415048
0.416145
0.417234
0.418322
0.419409
0.420477
0.42153
0.422581
0.423623
0.424665
0.425671
0.426678
0.427682
0.428685
0.42967
0.430636
0.431602
0.432493
0.433384
0.434273
0.435163
0.436044
0.436924
0.437745
0.438565
0.439384
0.440203
0.441021
0.44178
0.442538
0.443296
0.444053
0.44481
0.445566
0.446321
0.447076
0.447827
0.448523
0.449219
0.449914
0.450609
0.451303
0.451997
0.45269
0.453382
0.454075
0.454766
0.455457
0.456148
0.456838
0.457467
0.458073
0.458637
0.45916
0.459682
0.460204
0.460725
0.461206
0.461686
0.462166
0.462645
0.463123
0.463601
0.464079
