24297492 48597028 13
24297492 37952187 23
24297492 7968657 27
4100100 17335409 15
23642224 39811202 11
23642224 36481245 11
23642224 38123756 11
23642224 48804179 11
23642224 15765873 12
23642224 17531269 11
23642224 39802951 11
23642224 45969839 14
23642224 31089120 13
23642224 30151246 11
23642224 22480752 12
23642224 4694696 12
23642224 46051465 13
23642224 28522351 12
23642224 35433681 11
23642224 40167541 12
23642224 43525358 12
23642224 35628971 12
23642224 30875226 11
23642224 45991553 12
23642224 46694010 14
23642224 31260607 13
48597028 7968657 14
48597028 37952187 14
48597028 8843723 12
37912704 45975246 11
7258282 37871868 11
7258282 32441697 15
43892924 25627530 15
6105216 10340441 12
6105216 22781036 17
6105216 10503385 20
40706246 32617016 12
377040 11583801 11
11190513 19930012 13
46749476 8595845 12
37871868 8595845 13
37871868 49066555 12
37871868 39121610 15
37871868 43443018 11
37871868 32441697 15
37871868 45112686 13
37871868 42577488 14
37871868 25294417 14
41869579 19861712 13
41869579 42760705 11
41869579 48633367 13
47948049 47799663 16
5972270 41624924 15
5972270 15249981 12
5972270 314130 14
5972270 2606339 13
5972270 36171046 14
5972270 19289051 17
5972270 25165735 12
11583801 23398696 12
11583801 1192647 13
11583801 14510823 14
11583801 38783766 13
11583801 123681 14
11583801 41476911 13
11583801 24128524 13
11583801 1494057 11
11583801 28522351 11
11583801 34042762 12
11583801 10882982 12
11583801 9150266 11
11583801 47550291 12
11583801 31260607 17
1615974 26159469 13
1615974 42649749 13
24838514 11052982 15
27607441 30579650 11
41214355 18720454 11
41214355 8912381 12
18720454 40695205 11
23118246 26306697 12
23118246 42649749 12
23118246 44783843 15
23118246 46976412 11
23118246 29308129 13
23118246 24128524 13
23118246 7558327 15
23118246 6250374 11
23118246 47512135 11
23118246 45991553 12
23118246 45923948 11
23118246 28522351 16
23118246 11052982 12
23118246 22480752 12
31277505 25249901 11
41935303 26018338 11
41935303 41513622 11
41935303 39121610 11
40695205 29913242 23
40695205 37826769 13
40695205 44783843 13
40695205 20986087 11
40695205 28234124 13
40695205 38932883 13
40695205 30151246 12
40695205 4694696 13
40695205 39635629 12
40695205 39727806 13
40695205 27933458 14
40695205 21971816 11
40695205 32613207 12
40695205 2315361 12
40695205 22480752 12
40695205 36462029 11
40695205 28528116 12
40695205 30875226 12
40695205 28683931 16
40695205 11052982 11
31089120 36481245 11
31089120 48804179 12
31089120 38932883 11
31089120 39802951 13
31089120 4694696 12
31089120 13820628 12
31089120 38783766 11
31089120 32613207 11
31089120 24128524 14
31089120 45838100 12
31089120 45991553 15
31089120 22480752 11
31089120 31260607 14
31089120 15765873 12
6996512 36481245 11
6996512 4694696 14
6996512 46694010 19
6996512 30875226 15
6996512 31260607 14
26018338 41513622 13
26018338 39121610 16
26018338 9614118 11
26018338 45112686 14
26018338 32741016 11
6791746 40785944 11
6791746 2061634 12
16974421 23105138 11
1458782 32140644 13
44008035 8843723 13
35390058 10882982 11
32741016 39509032 13
32741016 38178862 14
32741016 8595845 11
32741016 43752511 11
32741016 41513622 15
32741016 39121610 11
32741016 9909157 11
32741016 23628880 12
32741016 44194951 15
32741016 45112686 12
32741016 42577488 16
43626676 37629134 12
43626676 41624924 14
49906343 28777010 15
38036154 26004527 13
38036154 19183920 11
38142652 48740413 12
38142652 39186673 11
38142652 30379992 13
33482186 40785944 14
33482186 44318761 13
33482186 35807336 11
33482186 25249901 15
33482186 39811202 11
33482186 38672540 11
33482186 30151246 15
33482186 40628112 13
33482186 4694696 17
33482186 35838731 11
33482186 39802951 11
33482186 45032452 13
33482186 32613207 17
33482186 30875226 17
33482186 45991553 13
33482186 24684192 14
33482186 43891692 13
13820628 40167541 11
13820628 4694696 11
13820628 28683931 15
28885756 34420921 11
729855 4642835 18
8340239 42792780 17
8340239 47550291 13
47047452 47990601 15
30343979 48740413 11
30343979 2910810 13
30343979 40940177 11
30343979 45975246 12
30343979 31571949 14
42730287 32648018 11
1494057 44883425 12
46051465 40355882 11
46051465 24128524 18
46051465 8071242 11
46051465 39811202 11
46051465 46096526 11
46051465 36481245 14
46051465 31715573 12
46051465 15765873 14
46051465 17531269 15
46051465 4694696 13
46051465 38783766 12
46051465 39802951 12
46051465 43525358 12
46051465 35628971 14
46051465 24684192 12
46051465 35796700 11
46051465 28522351 15
46051465 31260607 23
43443018 39121610 11
7168861 35403504 11
35955564 16064038 12
18250557 39509032 13
18250557 8595845 14
18250557 7633852 11
18250557 23628880 11
18250557 45112686 11
42760705 19861712 13
38536075 14107776 11
18711455 25249901 12
26218103 48447171 13
5088188 26866387 11
14975933 13749290 11
14975933 16762004 12
23520201 42649749 12
5809103 31283840 12
32547811 32239076 11
5104615 1586463 13
5104615 4307323 13
30991354 10503385 18
45032452 46741603 12
45032452 25249901 13
45032452 44318761 11
45032452 28234124 12
45032452 39802951 12
45032452 40628112 12
45032452 4694696 13
45032452 32613207 16
45032452 30875226 13
45032452 28683931 12
17343494 47550291 11
36971560 39121610 11
17605419 22405049 12
13771840 31463781 12
23020613 28683931 13
23020613 23423571 11
42649749 23398696 12
42649749 45923948 12
42649749 28522351 11
14107776 18485479 24
46614479 45400059 11
16762004 13749290 11
16762004 8595845 13
38681461 4629648 16
38681461 42519673 14
38681461 2606339 12
38681461 41624924 14
38681461 26293995 11
38681461 38956780 12
40002753 22781036 24
40002753 33752514 13
10503385 10340441 24
10503385 27933458 12
10503385 22781036 14
10503385 16041369 12
2606339 19289051 11
41044537 38932883 12
31494361 45633147 13
31494361 29999093 13
30459160 17527702 14
33064244 38466241 11
41624924 24128524 14
41624924 37832842 12
41624924 42519673 15
41624924 48758370 15
41624924 38956780 15
33752514 22781036 15
41169146 47990601 12
35433681 15765873 11
35433681 17531269 11
35433681 38783766 12
35433681 24128524 11
35433681 31260607 15
42255959 19496450 11
42255959 22451046 13
42255959 44883425 13
42255959 30357330 13
1528998 16972852 67
1528998 6157645 66
1528998 9057230 66
8450583 39509032 13
19588021 22781036 17
9094757 39121610 12
45991553 44318761 12
45991553 45498702 12
45991553 4694696 24
45991553 43525358 14
45991553 24684192 23
45991553 22480752 15
45991553 25249901 13
45991553 43239613 12
45991553 40855966 14
45991553 38783766 13
45991553 24128524 14
45991553 28528116 11
45991553 20246142 15
45991553 38932883 12
45991553 42988085 11
45991553 30151246 14
45991553 17437566 11
45991553 32613207 17
45991553 43292509 13
45991553 40785944 13
45991553 39802951 13
45991553 46741603 15
45991553 39811202 12
45991553 37181642 11
45991553 44783843 12
45991553 15538717 12
45991553 36462029 12
45991553 17931818 13
45991553 30875226 21
45991553 46694010 11
45991553 31260607 13
9969984 7968657 11
49473184 8843723 12
49473184 48189937 12
49473184 10916385 16
49473184 44344474 11
49473184 35890823 11
41476911 34042762 13
41476911 10882982 19
41476911 31260607 12
788170 49525658 11
788170 13458408 16
45975246 40355969 12
45975246 6263227 14
45975246 46093166 18
45975246 3800121 11
45975246 49262066 24
45975246 31571949 12
44318761 25249901 12
44318761 43891692 11
44318761 17931818 12
44318761 24684192 11
44318761 4694696 14
49932005 4694696 12
38438664 47990601 13
36988683 38178862 11
36988683 39509032 15
36988683 22584705 11
35890823 10916385 23
35890823 21287142 14
35890823 32831821 13
35890823 33015959 25
35890823 31348197 17
7268141 40150844 13
7268141 37900607 23
40150844 37900607 17
40150844 35269093 13
40150844 10947223 12
40150844 30359285 13
40150844 30379992 13
47990601 16896144 11
47990601 34420921 19
47990601 48329544 12
47990601 37622694 16
47990601 29856810 14
47990601 5070173 12
47990601 37080639 12
47990601 47142546 11
47990601 12830451 13
47990601 29999093 12
36169569 49230066 12
11052982 38932883 12
11052982 47512135 11
11052982 27933458 12
11052982 37401506 12
3286973 42695662 13
3286973 30359285 12
3286973 30379992 11
24684192 4694696 24
24684192 32613207 11
24684192 43525358 14
24684192 8071242 11
24684192 40855966 11
24684192 8530539 11
24684192 38783766 17
24684192 24128524 13
24684192 20246142 14
24684192 38932883 11
24684192 30151246 11
24684192 43292509 12
24684192 18020467 11
24684192 11639589 12
24684192 30875226 18
24684192 31260607 16
22530034 8595845 12
7915507 36171046 11
7915507 33004876 12
7915507 47122428 13
47122428 33004876 12
10356740 48804179 12
10356740 15765873 11
10356740 33467743 11
10356740 28522351 12
40355882 14510823 11
40355882 38783766 11
40355882 24128524 11
40355882 31260607 14
8071242 4694696 12
8071242 38783766 11
8071242 24128524 12
8071242 31260607 13
10340441 22781036 36
45353053 47512135 11
40167541 4694696 12
37832842 14499951 11
37832842 41279092 11
37832842 26293995 11
19417299 39727806 11
36481245 44783843 12
36481245 15765873 12
36481245 17531269 11
36481245 22480752 14
36481245 38783766 11
36481245 34870215 12
36481245 24128524 13
36481245 28522351 12
36481245 7558327 11
36481245 35628971 12
36481245 31260607 17
3623162 10706488 12
35473682 37900607 11
17531269 24128524 14
17531269 15765873 17
17531269 38783766 12
17531269 34870215 12
17531269 31260607 15
48888883 8595845 19
48888883 23628880 11
48888883 42577488 12
3800121 48740413 11
3800121 36171046 12
3800121 25558762 11
3800121 30359285 11
38644064 10865020 11
38644064 42519673 11
38644064 10354386 11
10865020 26866387 11
10865020 41008793 11
10865020 10354386 11
2943369 22405049 11
40855966 40628112 11
40855966 4694696 16
12830451 48870285 11
24920479 9434881 14
42912327 29913242 11
42912327 35265333 11
8530539 4694696 13
8530539 28522351 11
8530539 7558327 11
32197252 16896144 11
41691870 6263227 12
14510823 40743645 11
14510823 19861712 13
14510823 15395420 11
4524786 39186673 17
4524786 30379992 24
4524786 42609551 11
38783766 46096526 11
38783766 4694696 19
38783766 43525358 14
38783766 22480752 18
38783766 16419110 14
38783766 23398696 16
38783766 24128524 23
38783766 7785823 12
38783766 35628971 12
38783766 10882982 19
38783766 29831113 11
38783766 37826769 11
38783766 49174574 14
38783766 15765873 13
38783766 38932883 11
38783766 34870215 17
38783766 29308129 12
38783766 28522351 13
38783766 39811202 11
38783766 15538717 14
38783766 7558327 13
38783766 47799663 16
38783766 30875226 11
38783766 31260607 22
31124250 37900607 13
10685216 8927023 11
44194951 8595845 14
44194951 41513622 16
44194951 39121610 17
44194951 9614118 11
44194951 8820467 18
30378799 39957833 11
32648018 23537855 11
41339742 30875226 12
25627530 37181642 14
25627530 11801644 14
25627530 47593902 13
25627530 15086687 17
25627530 48991148 12
25627530 46488620 12
25627530 31855968 14
46096526 24128524 13
46096526 31260607 13
29308129 15538717 11
24128524 37826769 13
24128524 44783843 12
24128524 26866387 14
24128524 15765873 17
24128524 4694696 15
24128524 39727806 12
24128524 34870215 15
24128524 49293152 11
24128524 28522351 12
24128524 43525358 13
24128524 7785823 13
24128524 35628971 11
24128524 17931818 12
24128524 38956780 12
24128524 43292509 11
24128524 22480752 12
24128524 31260607 20
24128524 38932883 13
20827156 46694010 13
20827156 28835759 11
34618544 42519673 15
34618544 25294417 12
34618544 10354386 23
26004527 35753896 11
23628880 39509032 14
23628880 38178862 13
23628880 8595845 14
23628880 39121610 12
23628880 42577488 16
42519673 49262066 11
42519673 25294417 14
42519673 5984930 11
519347 38178862 11
519347 13458408 12
14090784 37900607 13
48696566 48804179 11
48696566 30151246 11
123681 23398696 13
123681 34042762 13
123681 43879928 15
30535535 17945257 12
30535535 30579650 13
30535535 42905433 11
30535535 5423088 12
36171046 47189838 12
36171046 19289051 11
36171046 48758370 12
7785823 15765873 12
7785823 34870215 11
7785823 31260607 13
21149584 48364546 12
42421631 39121610 14
46976412 47512135 11
47426996 35807336 11
41110998 19289051 11
32239076 24855971 15
49262066 40355969 16
49262066 40940177 16
49262066 46093166 12
49262066 9747327 12
49262066 31571949 15
49262066 2363888 14
28528116 30151246 12
28528116 39727806 12
28528116 16424308 13
28528116 30875226 11
28528116 28683931 11
43879928 31260607 11
35628971 39811202 12
35628971 48804179 12
35628971 15765873 12
35628971 4694696 12
35628971 31260607 13
22480816 38123756 12
48927329 8595845 12
48927329 39121610 13
42577488 38178862 20
42577488 8595845 24
42577488 49066555 28
42577488 39121610 16
42577488 33362691 14
42577488 39509032 20
42577488 8820467 11
42577488 39957833 11
42577488 45112686 14
42577488 22584705 12
42577488 34011105 12
42577488 18710472 11
45633147 49066555 11
45633147 37622694 13
45633147 37080639 13
45633147 47142546 13
45633147 29999093 14
20246142 4694696 15
20246142 45814949 13
20246142 17931818 11
20246142 30875226 15
20246142 22480752 13
43896454 4694696 11
43896454 30875226 11
2363888 31571949 13
37080639 34420921 11
37080639 37622694 11
37080639 5070173 18
13815504 49066555 15
38956780 48758370 14
48844557 23423571 14
30404389 47142546 13
47550291 5747449 11
47550291 42792780 19
42905433 5331228 11
42905433 30579650 13
42905433 42792780 25
42905433 5423088 14
22245259 23398696 12
10882982 31260607 17
10882982 29831113 11
33004876 19861712 11
33004876 25138203 11
33004876 21836973 13
33004876 15395420 11
5984930 10354386 11
15765873 37826769 13
15765873 4694696 11
15765873 34870215 11
15765873 43525358 15
15765873 22480752 11
15765873 28522351 12
15765873 31260607 15
15765873 45838100 11
30379992 39186673 26
30379992 30359285 14
30379992 840648 11
38178862 8595845 18
38178862 41712056 16
38178862 49066555 11
38178862 39121610 14
38178862 39509032 15
38178862 39957833 11
38178862 45112686 17
38178862 22584705 15
38178862 8820467 11
38178862 34011105 12
16896144 49066555 11
16896144 47142546 12
16896144 29999093 13
29913242 47512135 11
29913242 39727806 13
29913242 33566590 13
19861712 47142546 14
37826769 28234124 14
37826769 4694696 15
37826769 22480752 12
41152725 2553995 16
21287142 48189937 11
28004661 47142546 11
37900607 10947223 12
37900607 23821000 11
37900607 31873816 22
37900607 42695662 11
48804179 25249901 13
48804179 7558327 13
48804179 39802951 11
28234124 25249901 11
28234124 23423571 11
28234124 28683931 22
38932883 30151246 14
38932883 4694696 11
38932883 39802951 15
38932883 32613207 11
38932883 43525358 13
38932883 22480752 11
6263227 6077196 12
6263227 44883425 12
6263227 25165735 11
41398729 4694696 12
8843723 48189937 11
8843723 44344474 13
36483569 4694696 11
18027004 39121610 11
43905544 34042762 13
43905544 46694010 11
43905544 31260607 13
43525358 22480752 12
43525358 4694696 13
43525358 30875226 13
43525358 28522351 12
43525358 31260607 12
10916385 32831821 16
10916385 31348197 14
10916385 33015959 20
37769770 17527702 12
49066555 34420921 11
49066555 8595845 18
49066555 33362691 19
49066555 39121610 16
49066555 37622694 11
49066555 39957833 14
49066555 45112686 11
49066555 47142546 12
30151246 25249901 12
30151246 39811202 11
30151246 32613207 15
30151246 30875226 13
30151246 48086682 12
30151246 28683931 11
46741603 39802951 13
46741603 32613207 12
46741603 41014130 12
33550950 13458408 12
33550950 6172259 12
25249901 40785944 11
25249901 39811202 12
25249901 20986087 11
25249901 32613207 17
25249901 17931818 11
25249901 30875226 16
25249901 48086682 12
25249901 28683931 13
25249901 4694696 17
41513622 15014002 11
41513622 8595845 17
41513622 41712056 15
41513622 39121610 16
41513622 9614118 13
41513622 45112686 14
41513622 34011105 11
43446937 4694696 12
39727806 47512135 11
39727806 25595603 11
38466241 22297019 12
38466241 37401506 28
39121610 39509032 18
39121610 8595845 18
39121610 41712056 16
39121610 40743645 15
39121610 33362691 19
39121610 9909157 14
39121610 28378095 11
39121610 39957833 14
39121610 45112686 15
39121610 46947812 11
39121610 6009086 11
39121610 25294417 13
39121610 8820467 15
39121610 13868567 11
39121610 34011105 11
39121610 27543667 12
39121610 29999093 12
26866387 47512135 11
40743645 15395420 11
5747449 31873816 13
5747449 48758370 12
39802951 37401506 15
39802951 42785873 11
39802951 30875226 11
48329544 34420921 13
17437566 42988085 13
34042762 31260607 11
33015959 32831821 17
33015959 31348197 25
49525658 13458408 14
49525658 41008793 11
37401506 22297019 12
37622694 34420921 14
37622694 5070173 13
15078319 10706488 12
34870215 4694696 11
34870215 30430436 13
34870215 31260607 14
9057230 16972852 67
9057230 6157645 66
19289051 2671883 11
19289051 30430436 14
19289051 22405049 11
20427762 4694696 11
32613207 39811202 14
32613207 22480752 14
32613207 4694696 11
32613207 30875226 16
32613207 28683931 12
32613207 45686623 11
34420921 39957833 12
34420921 5070173 11
34420921 41194917 12
34420921 47142546 14
34420921 29999093 11
23537855 26664095 11
45814949 4694696 11
7558327 21582481 11
7558327 28522351 15
15086687 4694696 16
23049436 29087869 11
23049436 18744641 11
39957833 27543667 12
39957833 8595845 11
39957833 47142546 12
39957833 29999093 13
6157645 16972852 68
16307536 5070173 12
31855968 4694696 11
20986087 20469819 11
20986087 28683931 11
30579650 19496450 12
14702015 22405049 11
40974592 4694696 12
30875226 39811202 18
30875226 44783843 14
30875226 40628112 12
30875226 22480752 12
30875226 4694696 23
30875226 36462029 12
30875226 30006754 12
30875226 43292509 13
30875226 28522351 12
25294417 41712056 12
25294417 2671883 12
22255231 11122997 19
23557763 36462029 11
47142546 29999093 12
23623318 34011105 11
45201075 8903591 13
16419110 4694696 12
8820467 39509032 16
8820467 8595845 14
42139275 45112686 11
42792780 30357330 14
42792780 5423088 15
43292509 4694696 16
43292509 22480752 11
43292509 46694010 11
22480752 39811202 12
22480752 44783843 13
22480752 4694696 14
22480752 46694010 12
22480752 31260607 11
28522351 4694696 13
28522351 31260607 15
17135472 4694696 11
39712641 22781036 12
9516934 39509032 11
7968657 37952187 15
21582481 4694696 11
48086682 4694696 12
28683931 23423571 27
34011105 8595845 19
34011105 41712056 11
34011105 39509032 12
34011105 45112686 13
34011105 22584705 14
48740413 30359285 11
3479641 36462029 14
18020467 4694696 17
39811202 4694696 11
38672540 4694696 11
43727048 15395420 11
41195734 42695662 13
44783843 4694696 18
38123756 35356076 16
8595845 29277543 11
8595845 22944606 11
8595845 7633852 18
8595845 17906662 11
8595845 39509032 16
8595845 45112686 19
8595845 28378095 12
4307323 1586463 12
4307323 5070173 13
11958664 31260607 11
3676607 4694696 11
45857252 38870269 14
4694696 15538717 13
4694696 30153293 11
4694696 17931818 14
4694696 31260607 15
47512135 2671883 12
9337428 24346140 11
45838100 31260607 12
45120123 13458408 11
2497180 46939692 12
37952187 44344474 11
37952187 7159703 12
48220626 10354386 14
23398696 31260607 14
44382985 30006754 11
6077196 44883425 12
11639589 31260607 12
44344474 43818044 11
44344474 7159703 13
2910810 46939692 15
13458408 29999093 12
42695662 31873816 12
42695662 22445786 12
42695662 25165735 12
39509032 45112686 18
35356076 36462029 11
19496450 5423088 14
41279092 28835759 12
46694010 31260607 14
6250374 31260607 11
