24297492 48597028 13
24297492 37952187 23
24297492 44344474 10
24297492 9969984 9
24297492 7968657 27
24297492 7159703 10
4100100 17335409 15
47611931 15765873 9
47611931 23118246 9
47611931 6263227 9
47611931 43879928 9
45277225 48447171 9
20815916 18720454 9
33841218 46488620 10
23642224 44318761 9
23642224 25249901 10
23642224 39811202 11
23642224 36481245 11
23642224 38123756 11
23642224 16419110 9
23642224 48804179 11
23642224 15765873 12
23642224 17531269 11
23642224 39802951 11
23642224 45969839 14
23642224 31089120 13
23642224 30151246 11
23642224 22480752 12
23642224 4694696 12
23642224 27933458 10
23642224 38783766 10
23642224 46051465 13
23642224 24128524 10
23642224 28522351 12
23642224 35433681 11
23642224 40167541 12
23642224 43525358 12
23642224 40695205 9
23642224 35628971 12
23642224 30875226 11
23642224 20246142 10
23642224 45991553 12
23642224 24684192 9
23642224 46694010 14
23642224 43292509 9
23642224 6250374 10
23642224 31260607 13
23642224 28683931 10
20308090 33467743 9
48597028 7968657 14
48597028 37952187 14
48597028 8843723 12
37912704 45975246 11
16900235 26463571 10
16900235 36988683 10
23306398 38178862 10
23306398 45112686 10
2058949 23495337 10
7258282 37871868 11
7258282 23628880 9
7258282 32441697 15
40650602 20182261 10
40650602 19685274 9
49873070 42741841 9
49873070 6791746 10
49873070 45360746 10
43892924 47426996 10
43892924 37181642 10
43892924 25627530 15
6105216 10340441 12
6105216 22781036 17
6105216 10503385 20
6105216 3360488 9
6105216 19588021 10
6105216 5243888 9
32088255 44696901 9
32088255 24931796 10
30392533 24128524 10
30392533 37826769 9
30392533 6791746 10
30392533 37401506 9
30392533 40695205 9
30392533 22480752 9
30392533 11052982 10
40706246 32617016 12
377040 11583801 11
377040 41712056 9
21782744 4288529 9
11190513 19930012 13
46749476 8595845 12
46749476 39121610 9
46749476 7633852 9
37871868 34420921 9
37871868 39509032 10
37871868 8595845 13
37871868 49066555 12
37871868 39121610 15
37871868 33362691 9
37871868 43443018 11
37871868 39957833 9
37871868 15002169 9
37871868 32441697 15
37871868 45112686 13
37871868 22584705 9
37871868 42577488 14
37871868 25294417 14
37871868 42139275 9
37871868 32741016 9
41869579 19861712 13
41869579 40743645 10
41869579 35079094 9
41869579 26530769 9
41869579 42760705 11
41869579 18744641 9
41869579 48633367 13
47948049 47799663 16
40730910 11639589 10
5972270 41624924 15
5972270 3623162 9
5972270 15249981 12
5972270 42662514 10
5972270 14510823 9
5972270 314130 14
5972270 31873816 10
5972270 24128524 10
5972270 37629134 10
5972270 30430436 10
5972270 2606339 13
5972270 36171046 14
5972270 19289051 17
5972270 47189838 10
5972270 25165735 12
11583801 36481245 9
11583801 17066241 9
11583801 23398696 12
11583801 23118246 9
11583801 41712056 10
11583801 42291646 9
11583801 43905544 9
11583801 33550950 9
11583801 1192647 13
11583801 14510823 14
11583801 38783766 13
11583801 123681 14
11583801 41476911 13
11583801 46051465 9
11583801 37401506 9
11583801 34870215 10
11583801 24128524 13
11583801 1494057 11
11583801 28522351 11
11583801 30430436 9
11583801 34042762 12
11583801 10882982 12
11583801 3356215 9
11583801 21835475 9
11583801 33467743 9
11583801 24684192 10
11583801 9150266 11
11583801 42792780 9
11583801 47550291 12
11583801 44005275 9
11583801 10706488 9
11583801 31260607 17
44630332 30058445 9
1615974 26159469 13
1615974 42649749 13
35234149 17531269 9
35234149 46051465 9
24838514 26306697 10
24838514 11052982 15
27607441 30579650 11
27607441 42905433 9
27607441 5423088 10
41214355 18720454 11
41214355 8912381 12
41214355 40695205 10
41214355 16593339 9
18720454 19417299 9
18720454 6109507 9
18720454 46901903 10
18720454 17802081 10
18720454 40695205 11
18720454 8912381 9
23593375 49726916 9
23118246 25249901 9
23118246 26306697 12
23118246 42649749 12
23118246 44783843 15
23118246 23398696 10
23118246 46976412 11
23118246 40695205 10
23118246 31089120 9
23118246 4694696 9
23118246 38783766 9
23118246 17802081 9
23118246 29308129 13
23118246 24128524 13
23118246 7558327 15
23118246 43115737 9
23118246 6250374 11
23118246 47512135 11
23118246 30875226 10
23118246 45991553 12
23118246 45923948 11
23118246 24684192 10
23118246 28522351 16
23118246 21582481 9
23118246 11052982 12
23118246 22480752 12
31277505 25249901 11
31277505 45991553 9
31277505 43292509 9
37142980 48870285 9
37142980 47990601 9
8741318 41513622 9
8741318 39121610 9
8741318 8820467 10
41935303 26018338 11
41935303 41513622 11
41935303 39121610 11
41935303 9909157 9
21119438 4694696 10
47561830 11639589 10
40695205 46741603 9
40695205 25249901 10
40695205 29913242 23
40695205 37826769 13
40695205 33171666 10
40695205 19417299 10
40695205 36481245 9
40695205 44783843 13
40695205 20986087 11
40695205 2765127 10
40695205 28234124 13
40695205 15765873 10
40695205 38932883 13
40695205 30151246 12
40695205 46901903 9
40695205 4694696 13
40695205 39635629 12
40695205 39727806 13
40695205 27933458 14
40695205 21971816 11
40695205 45032452 9
40695205 32613207 12
40695205 24128524 10
40695205 2315361 12
40695205 22480752 12
40695205 16424308 9
40695205 36462029 11
40695205 28528116 12
40695205 17931818 10
40695205 30875226 12
40695205 34258527 9
40695205 45991553 10
40695205 28683931 16
40695205 39460551 9
40695205 43292509 9
40695205 45686623 10
40695205 33566590 10
40695205 7780223 10
40695205 11052982 11
31089120 10356740 10
31089120 25249901 9
31089120 37826769 10
31089120 36481245 11
31089120 20986087 9
31089120 48804179 12
31089120 38932883 11
31089120 39802951 13
31089120 12016077 10
31089120 15538717 9
31089120 4694696 12
31089120 13820628 12
31089120 27933458 9
31089120 38783766 11
31089120 46051465 9
31089120 37401506 9
31089120 32613207 11
31089120 24128524 14
31089120 7558327 9
31089120 17931818 9
31089120 45838100 12
31089120 30875226 9
31089120 20246142 9
31089120 45991553 15
31089120 22480752 11
31089120 11052982 10
31089120 31260607 14
31089120 24684192 9
31089120 15765873 12
17732518 22480752 9
6996512 40355882 10
6996512 25249901 10
6996512 36481245 11
6996512 15765873 9
6996512 4694696 14
6996512 26866387 9
6996512 38783766 9
6996512 46051465 10
6996512 46694010 19
6996512 30875226 15
6996512 24684192 10
6996512 38491886 10
6996512 28522351 9
6996512 10882982 10
6996512 31260607 14
26018338 8595845 10
26018338 41513622 13
26018338 39121610 16
26018338 9614118 11
26018338 9909157 9
26018338 45112686 14
26018338 46947812 9
26018338 32741016 11
26018338 13450961 9
26018338 34011105 10
38560306 39121610 9
35023625 42519673 10
6791746 40785944 11
6791746 39727806 10
6791746 2061634 12
6791746 39065253 10
16974421 23105138 11
1458782 25249901 9
1458782 38932883 10
1458782 32140644 13
44008035 8843723 13
44008035 44344474 10
35390058 38783766 9
35390058 10882982 11
28197486 26463571 9
32741016 9932626 9
32741016 39509032 13
32741016 38178862 14
32741016 8595845 11
32741016 43752511 11
32741016 48927329 9
32741016 41513622 15
32741016 39121610 11
32741016 9614118 9
32741016 9909157 11
32741016 23628880 12
32741016 44194951 15
32741016 16364822 9
32741016 45112686 12
32741016 42577488 16
32741016 42139275 9
32741016 8820467 10
32741016 34011105 9
33505935 34042762 9
21553819 22480752 9
43626676 314130 9
43626676 37629134 12
43626676 41624924 14
49906343 28777010 15
49906343 45814949 9
38036154 26004527 13
38036154 19183920 11
38036154 41917688 10
38142652 48740413 12
38142652 39186673 11
38142652 30379992 13
33482186 40785944 14
33482186 44318761 13
33482186 20469819 9
33482186 35807336 11
33482186 25249901 15
33482186 39811202 11
33482186 38672540 11
33482186 49230066 10
33482186 40974592 10
33482186 48804179 10
33482186 40855966 10
33482186 30151246 15
33482186 40628112 13
33482186 4694696 17
33482186 35838731 11
33482186 39802951 11
33482186 35628971 9
33482186 45032452 13
33482186 32613207 17
33482186 49726916 9
33482186 17931818 10
33482186 30875226 17
33482186 20246142 9
33482186 45991553 13
33482186 28683931 10
33482186 24684192 14
33482186 43891692 13
33482186 38932883 10
45396085 25249901 9
45396085 45991553 9
23730146 33004876 10
20906704 26159469 9
13820628 40167541 11
13820628 39811202 10
13820628 36481245 9
13820628 20986087 9
13820628 28234124 9
13820628 15765873 10
13820628 4694696 11
13820628 38783766 9
13820628 24128524 9
13820628 46694010 9
13820628 28683931 15
13820628 35628971 9
13820628 31260607 9
39437013 18485479 10
28885756 34420921 11
28885756 42492989 9
28885756 30415514 10
28885756 4694696 10
28885756 27386877 10
28885756 39765861 9
28885756 25294417 10
28885756 42151544 10
729855 4642835 18
8340239 42792780 17
8340239 47550291 13
17769239 41624924 9
47047452 34420921 10
47047452 5070173 9
47047452 37080639 9
47047452 47142546 10
47047452 47990601 15
30343979 48740413 11
30343979 6263227 9
30343979 2910810 13
30343979 40940177 11
30343979 49262066 9
30343979 45975246 12
30343979 31571949 14
42730287 32648018 11
1494057 19861712 9
1494057 14510823 9
1494057 49525658 9
1494057 44883425 12
1494057 42792780 9
46051465 10356740 9
46051465 40355882 11
46051465 24128524 18
46051465 8071242 11
46051465 39811202 11
46051465 46096526 11
46051465 37826769 9
46051465 36481245 14
46051465 31715573 12
46051465 48804179 10
46051465 15765873 14
46051465 17531269 15
46051465 45969839 10
46051465 35214397 9
46051465 48904840 9
46051465 4694696 13
46051465 13970107 9
46051465 14510823 9
46051465 38783766 12
46051465 39802951 12
46051465 11639589 10
46051465 37401506 9
46051465 34870215 10
46051465 22480752 10
46051465 7558327 9
46051465 35433681 10
46051465 43525358 12
46051465 35628971 14
46051465 30875226 9
46051465 45991553 10
46051465 43896454 9
46051465 24684192 12
46051465 35796700 11
46051465 28522351 15
46051465 7785823 9
46051465 31260607 23
25322297 36169569 9
23766496 25786275 10
39035719 45757842 9
43443018 38178862 9
43443018 39121610 11
43443018 45112686 9
43443018 42577488 10
7168861 35403504 11
17802081 41476911 9
17802081 7558327 9
17802081 2508638 9
17802081 42198960 9
17802081 31260607 10
24339299 4694696 9
21971816 37826769 10
21971816 45032452 9
21971816 39460551 9
35955564 29913242 10
35955564 16064038 12
18250557 39509032 13
18250557 8595845 14
18250557 49525658 9
18250557 7633852 11
18250557 23628880 11
18250557 46093166 9
18250557 45112686 11
34014079 42662514 10
42760705 19861712 13
42760705 30153349 10
38536075 14107776 11
18711455 25249901 12
18711455 48804179 9
18711455 48696566 9
26218103 48447171 13
5088188 26866387 11
5088188 5747449 9
5088188 49525658 10
5088188 10706488 9
14975933 13749290 11
14975933 16762004 12
23520201 42649749 12
23520201 28522351 9
23520201 38362947 9
5809103 31283840 12
32547811 29964040 9
32547811 32239076 11
5104615 1586463 13
5104615 4307323 13
19685111 23628880 9
32056305 30875226 9
30991354 22781036 10
30991354 10503385 18
30991354 36462029 10
30991354 23557763 10
27386877 34420921 9
45032452 46741603 12
45032452 25249901 13
45032452 39811202 9
45032452 29913242 9
45032452 37826769 9
45032452 26939629 9
45032452 49230066 10
45032452 44318761 11
45032452 28234124 12
45032452 39802951 12
45032452 30151246 10
45032452 40628112 12
45032452 22480752 9
45032452 4694696 13
45032452 35838731 9
45032452 32613207 16
45032452 42785873 9
45032452 7558327 9
45032452 43525358 10
45032452 42912327 10
45032452 30875226 13
45032452 20246142 9
45032452 45991553 9
45032452 28683931 12
45032452 36169569 9
45032452 26091382 10
17343494 25294417 9
17343494 47550291 11
20624195 26306697 9
20624195 26159469 9
48555046 39401994 9
36971560 6009086 9
36971560 39121610 11
36971560 23628880 9
17605419 2943369 9
17605419 2910810 10
17605419 22405049 12
13771840 31463781 12
23020613 28683931 13
23020613 23423571 11
44593424 9833797 9
31810638 39509032 9
31810638 20187773 9
37004369 37622694 9
42649749 26306697 10
42649749 23398696 12
42649749 26159469 9
42649749 47512135 9
42649749 123681 9
42649749 45923948 12
42649749 20178553 9
42649749 28522351 11
42649749 29308129 10
24465985 18485479 9
14107776 18485479 24
14107776 19289051 9
14107776 16064038 9
14107776 40150844 10
46614479 45400059 11
16762004 38178862 9
16762004 13749290 11
16762004 8595845 13
16762004 39509032 10
16762004 23628880 10
16762004 13868567 9
16762004 45112686 10
16762004 49525658 9
16762004 45936126 10
16762004 34011105 9
49570969 44318761 9
38681461 4629648 16
38681461 24128524 10
38681461 42519673 14
38681461 2606339 12
38681461 41624924 14
38681461 40750275 9
38681461 21268762 9
38681461 26293995 11
38681461 38956780 12
40002753 22781036 24
40002753 33566590 9
40002753 33752514 13
47949010 3740445 9
10503385 10340441 24
10503385 44783843 9
10503385 3479641 9
10503385 27933458 12
10503385 15514701 9
10503385 2315361 9
10503385 22781036 14
10503385 16041369 12
10503385 36462029 10
10503385 2244171 9
10503385 23557763 10
28730593 38178862 9
3180074 10354386 9
2606339 19289051 11
2606339 16064038 10
41044537 37181642 9
41044537 38932883 12
41044537 4694696 9
41044537 47426996 9
31296654 40989567 9
66832 10706488 9
66832 42282375 9
31494361 16896144 9
31494361 49066555 9
31494361 23049436 9
31494361 45633147 13
31494361 47142546 9
31494361 29999093 13
30459160 17527702 14
24544547 7268141 9
11994413 48740413 10
11994413 41195734 9
11994413 37900607 10
11994413 40150844 10
33064244 38466241 11
33064244 37401506 10
33064244 28777010 9
755025 10340441 10
755025 25597894 10
41624924 24128524 14
41624924 37832842 12
41624924 48804179 9
41624924 39727806 9
41624924 314130 10
41624924 38783766 9
41624924 25627530 9
41624924 42519673 15
41624924 37629134 10
41624924 4629648 10
41624924 48758370 15
41624924 26293995 9
41624924 38956780 15
26051943 45975246 9
18485479 11143294 10
18485479 42449533 10
18485479 43121880 9
18485479 41540476 9
33752514 22781036 15
49726916 40785944 9
21472723 3479641 9
41169146 34420921 9
41169146 45633147 9
41169146 47142546 10
41169146 47990601 12
35433681 36481245 10
35433681 15765873 11
35433681 17531269 11
35433681 4694696 9
35433681 38783766 12
35433681 34870215 9
35433681 24128524 11
35433681 31260607 15
42255959 24128524 9
42255959 19496450 11
42255959 22451046 13
42255959 2671883 9
42255959 4853134 9
42255959 44883425 13
42255959 30357330 13
42255959 25165735 10
1528998 16972852 67
1528998 6157645 66
1528998 9057230 66
35796700 24128524 9
35796700 31260607 9
29869628 4694696 10
12309637 24684192 10
8450583 39509032 13
8450583 8595845 10
8450583 7633852 10
19588021 22781036 17
28198494 37181642 9
9094757 8595845 10
9094757 39121610 12
9094757 45112686 10
35249087 32475762 9
45991553 44318761 12
45991553 45498702 12
45991553 17531269 9
45991553 4694696 24
45991553 43525358 14
45991553 24684192 23
45991553 22480752 15
45991553 8071242 9
45991553 25249901 13
45991553 43239613 12
45991553 36481245 9
45991553 37718240 9
45991553 16419110 10
45991553 40855966 14
45991553 38783766 13
45991553 24128524 14
45991553 48696566 9
45991553 28528116 11
45991553 20246142 15
45991553 28683931 10
45991553 40628112 9
45991553 48804179 10
45991553 38932883 12
45991553 42988085 11
45991553 30151246 14
45991553 43446937 9
45991553 17437566 11
45991553 34870215 9
45991553 32613207 17
45991553 45814949 9
45991553 43292509 13
45991553 28522351 10
45991553 40785944 13
45991553 39802951 13
45991553 46741603 15
45991553 18020467 9
45991553 39811202 12
45991553 38672540 9
45991553 37181642 11
45991553 44783843 12
45991553 40974592 10
45991553 15538717 12
45991553 28105582 10
45991553 45448495 10
45991553 36462029 12
45991553 17931818 13
45991553 30875226 21
45991553 46694010 11
45991553 48086682 9
45991553 31260607 13
9969984 7968657 11
9969984 7159703 9
49473184 8843723 12
49473184 48189937 12
49473184 10916385 16
49473184 44344474 11
49473184 35890823 11
41476911 38783766 10
41476911 123681 9
41476911 34042762 13
41476911 9150266 9
41476911 10882982 19
41476911 31260607 12
41476911 29831113 10
20526396 19289051 9
788170 33550950 10
788170 49525658 11
788170 13458408 16
788170 29999093 9
45975246 48740413 10
45975246 40355969 12
45975246 6263227 14
45975246 2363888 10
45975246 45369897 10
45975246 42662514 9
45975246 46093166 18
45975246 3800121 11
45975246 49262066 24
45975246 30359285 10
45975246 31571949 12
44318761 40785944 9
44318761 25249901 12
44318761 30151246 9
44318761 43891692 11
44318761 32613207 10
44318761 17931818 12
44318761 30875226 10
44318761 20246142 9
44318761 28683931 9
44318761 24684192 11
44318761 4694696 14
44318761 22480752 10
8356133 2671883 9
49932005 4694696 12
46253799 38783766 9
38438664 16896144 10
38438664 48329544 9
38438664 37622694 9
38438664 29999093 10
38438664 45633147 9
38438664 47142546 10
38438664 47990601 13
36988683 38178862 11
36988683 42049899 9
36988683 43452799 9
36988683 8595845 10
36988683 39121610 10
36988683 9614118 9
36988683 28777010 9
36988683 39509032 15
36988683 42421631 9
36988683 22584705 11
36988683 26463571 10
36988683 47122428 10
30074636 32127450 10
30074636 4629648 9
42018435 37718240 9
40327208 38078901 9
35890823 10916385 23
35890823 21287142 14
35890823 32831821 13
35890823 7159703 9
35890823 33015959 25
35890823 31348197 17
7268141 40150844 13
7268141 37900607 23
40150844 39186673 10
40150844 37900607 17
40150844 35269093 13
40150844 10947223 12
40150844 4524786 10
40150844 1391513 9
40150844 30359285 13
40150844 3286973 10
40150844 30379992 13
47990601 16896144 11
47990601 34420921 19
47990601 37276071 10
47990601 32197252 9
47990601 39121610 9
47990601 34239219 9
47990601 48329544 12
47990601 37622694 16
47990601 27319321 9
47990601 29856810 14
47990601 39957833 10
47990601 5070173 12
47990601 37080639 12
47990601 41194917 9
47990601 45633147 10
47990601 47142546 11
47990601 12830451 13
47990601 29999093 12
36169569 49230066 12
36169569 33827449 10
1326413 28919446 9
43891692 39811202 10
30853022 19289051 10
11052982 38932883 12
11052982 47512135 11
11052982 38466241 10
11052982 27933458 12
11052982 37401506 12
11052982 24128524 9
11052982 7558327 9
11052982 17931818 9
8480697 4694696 10
3286973 37900607 9
3286973 42695662 13
3286973 1586463 9
3286973 30359285 12
3286973 25165735 10
3286973 30379992 11
24684192 17531269 10
24684192 4694696 24
24684192 32613207 11
24684192 43525358 14
24684192 22480752 9
24684192 40355882 10
24684192 8071242 11
24684192 25249901 10
24684192 16419110 9
24684192 40855966 11
24684192 8530539 11
24684192 38783766 17
24684192 24128524 13
24684192 20246142 14
24684192 15765873 9
24684192 38932883 11
24684192 30151246 11
24684192 15086687 10
24684192 37803725 10
24684192 43292509 12
24684192 28522351 10
24684192 39802951 10
24684192 18020467 11
24684192 39811202 10
24684192 38672540 9
24684192 40974592 9
24684192 15538717 9
24684192 11639589 12
24684192 7558327 9
24684192 45448495 9
24684192 16424308 9
24684192 30875226 18
24684192 31260607 16
30058445 42662514 10
44042211 49066555 9
22530034 8595845 12
7915507 19861712 10
7915507 40743645 9
7915507 14510823 10
7915507 19289051 9
7915507 36171046 11
7915507 33004876 12
7915507 15395420 9
7915507 4661110 9
7915507 47122428 13
47122428 49930587 9
47122428 43452799 9
47122428 15395420 10
47122428 26463571 9
47122428 40743645 10
47122428 33004876 12
10356740 48804179 12
10356740 15765873 11
10356740 39802951 10
10356740 14510823 10
10356740 33467743 11
10356740 28522351 12
40355882 8071242 9
40355882 4694696 10
40355882 14510823 11
40355882 38783766 11
40355882 24128524 11
40355882 10882982 10
40355882 20246142 9
40355882 33467743 9
40355882 31260607 14
8071242 36481245 9
8071242 17531269 9
8071242 4694696 12
8071242 38783766 11
8071242 24128524 12
8071242 31260607 13
8071242 22480752 10
10340441 22781036 36
10340441 23557763 10
10340441 39712641 10
45353053 45369897 9
45353053 47512135 11
45353053 42519673 10
40167541 16419110 10
40167541 4694696 12
40167541 11639589 9
40167541 24128524 9
26306697 43525358 9
26306697 2671883 9
37832842 14499951 11
37832842 30430436 10
37832842 41279092 11
37832842 26293995 11
15198369 46488620 9
43239613 38932883 10
43239613 42988085 9
43239613 31855968 9
45517009 41221924 9
19417299 39727806 11
19417299 29913242 9
36481245 37826769 10
36481245 44783843 12
36481245 48804179 10
36481245 15765873 12
36481245 17531269 11
36481245 27933458 9
36481245 22480752 14
36481245 4694696 10
36481245 14510823 9
36481245 38783766 11
36481245 34870215 12
36481245 24128524 13
36481245 28522351 12
36481245 7558327 11
36481245 17931818 9
36481245 30875226 9
36481245 46694010 9
36481245 20246142 9
36481245 38491886 10
36481245 49293152 10
36481245 35628971 12
36481245 31260607 17
36481245 45838100 9
37718240 18020467 10
3623162 10706488 12
3623162 11349894 10
38004992 42519673 10
38004992 10354386 10
7809283 42695662 10
7809283 1586463 9
38406407 13854612 10
35473682 37900607 11
1812758 22451046 9
1812758 44883425 10
1812758 1519178 9
1812758 29243214 10
1812758 30357330 10
17531269 24128524 14
17531269 46096526 9
17531269 31715573 10
17531269 15765873 17
17531269 4694696 9
17531269 38783766 12
17531269 11639589 10
17531269 34870215 12
17531269 22480752 10
17531269 35628971 10
17531269 38491886 9
17531269 49293152 9
17531269 7785823 10
17531269 31260607 15
29616425 42662514 10
48888883 39509032 9
48888883 8595845 19
48888883 49066555 10
48888883 23628880 11
48888883 42577488 12
42811931 7785823 10
3800121 48740413 11
3800121 40940177 9
3800121 31873816 10
3800121 36171046 12
3800121 25558762 11
3800121 30359285 11
38644064 10865020 11
38644064 40355969 9
38644064 39765861 10
38644064 42519673 11
38644064 17567039 9
38644064 34618544 9
38644064 10354386 11
43752511 38178862 9
43752511 39121610 10
43752511 44194951 9
43752511 45112686 9
10865020 40940177 9
10865020 26866387 11
10865020 37638937 10
10865020 42519673 10
10865020 41008793 11
10865020 10354386 11
10865020 8201863 10
2943369 11910683 9
2943369 22405049 11
40855966 35807336 9
40855966 40974592 9
40855966 38932883 10
40855966 40628112 11
40855966 43896454 10
40855966 4694696 16
37276071 46462164 9
12830451 48870285 11
12830451 29856810 9
38078901 38178862 9
38078901 49525658 9
38078901 25294417 9
24920479 9434881 14
13339090 8492924 9
35269093 6544045 10
41755047 4694696 9
45369897 37401506 9
42912327 25249901 9
42912327 29913242 11
42912327 35265333 11
42912327 42785873 9
13118029 33004876 10
20007511 20187773 9
8530539 25249901 9
8530539 4694696 13
8530539 24128524 9
8530539 38783766 9
8530539 28522351 11
8530539 7558327 11
8530539 33467743 9
8530539 21582481 9
8530539 22480752 10
20187773 31814956 9
32197252 16896144 11
32197252 29856810 9
32197252 45633147 10
32197252 29999093 10
33974939 47142546 9
29846179 37181642 9
29846179 25627530 9
5720750 38017741 10
5720750 36171046 9
5720750 22023653 9
16255696 25627530 10
5573339 49525658 10
41691870 6263227 12
14510823 40296156 9
14510823 40743645 11
14510823 28522351 9
14510823 19861712 13
14510823 15395420 11
14510823 34870215 10
14510823 48904840 9
14510823 35628971 9
14510823 31260607 9
24947432 32542445 9
4524786 39186673 17
4524786 30379992 24
4524786 42609551 11
4524786 840648 9
314130 36171046 9
38783766 46096526 11
38783766 4694696 19
38783766 123681 10
38783766 43525358 14
38783766 2671883 10
38783766 49293152 10
38783766 22480752 18
38783766 16419110 14
38783766 23398696 16
38783766 32344404 9
38783766 38491886 9
38783766 24128524 23
38783766 7785823 12
38783766 35628971 12
38783766 20246142 10
38783766 45838100 9
38783766 10882982 19
38783766 29831113 11
38783766 37826769 11
38783766 49174574 14
38783766 15765873 13
38783766 38932883 11
38783766 34870215 17
38783766 29308129 12
38783766 43292509 10
38783766 28522351 13
38783766 39811202 11
38783766 44783843 9
38783766 3676607 10
38783766 15538717 14
38783766 11639589 10
38783766 7558327 13
38783766 42614014 10
38783766 47799663 16
38783766 16424308 9
38783766 30875226 11
38783766 46694010 10
38783766 31260607 22
31124250 37900607 13
10685216 8927023 11
44194951 38178862 9
44194951 39509032 10
44194951 8595845 14
44194951 41712056 10
44194951 41513622 16
44194951 39121610 17
44194951 9614118 11
44194951 17906662 9
44194951 23628880 9
44194951 42577488 10
44194951 8820467 18
30378799 39957833 11
30378799 47142546 9
32648018 23537855 11
23587668 47426996 10
41339742 30875226 12
44043140 49262066 9
25627530 29104206 10
25627530 37181642 14
25627530 11801644 14
25627530 47593902 13
25627530 15086687 17
25627530 24128524 9
25627530 27253536 10
25627530 48991148 12
25627530 41366012 9
25627530 46488620 12
25627530 31855968 14
48991148 37181642 9
48991148 47593902 9
46096526 24128524 13
46096526 4694696 10
46096526 34870215 9
46096526 31260607 13
2714545 8927023 10
7785458 42792780 10
10742787 38792 10
32092673 4629648 9
29308129 23398696 9
29308129 15538717 11
29308129 47512135 10
29308129 47799663 10
29308129 28522351 10
24128524 25249901 9
24128524 39811202 10
24128524 37826769 13
24128524 44783843 12
24128524 26866387 14
24128524 15765873 17
24128524 6263227 10
24128524 3676607 10
24128524 45838100 10
24128524 4694696 15
24128524 39727806 12
24128524 11639589 9
24128524 28683931 10
24128524 34870215 15
24128524 49293152 11
24128524 28522351 12
24128524 6250374 9
24128524 7558327 10
24128524 37844164 10
24128524 37629134 9
24128524 30430436 10
24128524 43525358 13
24128524 7785823 13
24128524 44883425 10
24128524 35628971 11
24128524 17931818 12
24128524 30875226 10
24128524 20246142 9
24128524 38956780 12
24128524 38491886 9
24128524 43292509 11
24128524 22480752 12
24128524 10882982 9
24128524 31260607 20
24128524 38932883 13
20827156 49525658 9
20827156 44834105 9
20827156 46694010 13
20827156 30357330 10
20827156 42905433 10
20827156 28835759 11
34618544 48329544 9
34618544 42519673 15
34618544 12868770 10
34618544 25294417 12
34618544 42662514 9
34618544 10354386 23
13749290 19289051 9
13749290 36171046 9
26004527 41917688 10
26004527 35753896 11
16985166 47799663 9
23628880 39509032 14
23628880 38178862 13
23628880 8595845 14
23628880 41513622 9
23628880 39121610 12
23628880 22584705 10
23628880 42577488 16
42519673 40355969 10
42519673 5903236 10
42519673 49262066 11
42519673 25294417 14
42519673 5984930 11
42519673 31571949 9
31419540 26664095 10
519347 39509032 10
519347 38178862 11
519347 24007193 9
519347 49066555 9
519347 13458408 12
48655544 30151246 9
40750275 41008793 9
37629134 14499951 9
37629134 4629648 9
14090784 37900607 13
14090784 30359285 9
48696566 25249901 9
48696566 48804179 11
48696566 30151246 11
48696566 30875226 10
123681 23398696 13
123681 6263227 10
123681 34042762 13
123681 44883425 9
123681 10882982 10
123681 43879928 15
123681 31260607 10
30535535 17945257 12
30535535 30579650 13
30535535 42905433 11
30535535 5423088 12
8201863 16002977 10
6710016 3167421 9
36171046 2910810 10
36171046 47189838 12
36171046 40940177 10
36171046 48329544 10
36171046 19289051 11
36171046 45814949 9
36171046 48740413 9
36171046 41605359 9
36171046 42662514 10
36171046 48758370 12
17567039 42662514 9
9833797 30732672 10
24651742 17462491 9
24651742 32831821 9
24651742 21287142 9
7785823 15765873 12
7785823 3676607 9
7785823 34870215 11
7785823 22480752 10
7785823 31260607 13
21149584 48364546 12
15249981 14499951 9
36679037 22781036 9
42421631 15395420 9
42421631 39121610 14
46976412 47512135 11
46976412 32613207 9
46976412 7558327 9
46976412 16424308 9
46976412 26091382 10
27012526 47799663 9
47426996 35807336 11
41917688 30732672 9
24931796 30415514 9
41110998 19289051 11
9416159 19289051 9
32239076 30732672 9
32239076 24855971 15
7876081 39121610 9
49262066 40355969 16
49262066 40940177 16
49262066 46093166 12
49262066 9747327 12
49262066 31571949 15
49262066 2363888 14
28528116 46741603 10
28528116 25249901 9
28528116 29913242 9
28528116 38932883 9
28528116 30151246 12
28528116 4694696 9
28528116 36462029 9
28528116 32613207 9
28528116 39727806 12
28528116 16424308 13
28528116 17931818 10
28528116 30875226 11
28528116 28683931 11
28528116 7780223 10
43879928 6263227 9
43879928 34042762 9
43879928 30579650 9
43879928 31260607 11
45936126 39121610 10
22801920 27933458 10
22801920 37401506 9
35628971 39811202 12
35628971 37826769 9
35628971 48804179 12
35628971 15765873 12
35628971 45969839 10
35628971 48904840 10
35628971 4694696 12
35628971 7558327 9
35628971 43525358 10
35628971 46694010 10
35628971 20246142 10
35628971 33467743 9
35628971 43292509 9
35628971 31260607 13
35628971 22480752 10
22480816 38123756 12
48927329 39509032 9
48927329 8595845 12
48927329 41513622 10
48927329 39121610 13
48927329 39957833 10
48927329 42577488 9
42577488 38178862 20
42577488 8595845 24
42577488 49066555 28
42577488 39121610 16
42577488 33362691 14
42577488 20970333 9
42577488 39509032 20
42577488 8820467 11
42577488 39957833 11
42577488 45112686 14
42577488 22584705 12
42577488 13815504 9
42577488 34011105 12
42577488 18710472 11
45633147 34420921 10
45633147 49066555 11
45633147 33362691 9
45633147 37622694 13
45633147 13458408 10
45633147 37080639 13
45633147 47142546 13
45633147 29999093 14
20246142 25249901 9
20246142 18020467 10
20246142 39811202 9
20246142 37826769 10
20246142 15538717 10
20246142 4694696 15
20246142 39802951 9
20246142 32613207 10
20246142 45814949 13
20246142 17931818 11
20246142 30875226 15
20246142 31260607 10
20246142 38932883 10
20246142 22480752 13
43896454 40785944 9
43896454 4694696 11
43896454 30875226 11
2363888 31571949 13
38235793 30875226 10
37080639 34420921 11
37080639 37622694 11
37080639 5070173 18
37080639 41194917 10
37080639 47142546 10
21497548 30379992 9
32582946 36462029 9
32582946 30875226 10
13815504 41712056 9
13815504 49066555 15
38956780 47512135 10
38956780 48758370 14
32542445 41513622 10
32542445 41100186 9
48844557 23423571 14
30404389 16896144 9
30404389 28004661 9
30404389 48329544 9
30404389 26463571 9
30404389 47142546 13
47550291 15395420 9
47550291 5747449 11
47550291 42792780 19
42905433 5331228 11
42905433 30579650 13
42905433 30357330 9
42905433 42792780 25
42905433 5423088 14
49680240 26463571 9
11349894 34870215 9
22245259 23398696 12
22245259 26866387 9
22245259 17437566 10
22245259 10882982 9
22245259 31260607 10
10882982 47799663 10
10882982 37826769 9
10882982 23398696 9
10882982 6263227 9
10882982 7558327 9
10882982 46694010 9
10882982 45838100 9
10882982 9150266 9
10882982 22480752 9
10882982 31260607 17
10882982 29831113 11
36532141 4694696 10
33004876 19861712 11
33004876 28004661 10
33004876 39121610 9
33004876 40743645 9
33004876 25138203 11
33004876 21836973 13
33004876 23049436 9
33004876 15395420 11
5984930 40355969 10
5984930 10354386 11
15765873 39811202 9
15765873 37826769 13
15765873 44783843 10
15765873 31715573 10
15765873 48804179 9
15765873 45969839 9
15765873 4694696 11
15765873 39802951 10
15765873 34870215 11
15765873 7558327 10
15765873 48864449 9
15765873 43525358 15
15765873 38491886 9
15765873 49293152 10
15765873 22480752 11
15765873 28522351 12
15765873 6250374 9
15765873 31260607 15
15765873 38932883 10
15765873 45838100 11
30379992 39186673 26
30379992 30359285 14
30379992 840648 11
38178862 8595845 18
38178862 41712056 16
38178862 24007193 10
38178862 49066555 11
38178862 41513622 9
38178862 39121610 14
38178862 22944606 9
38178862 13458408 9
38178862 39509032 15
38178862 12868770 9
38178862 39957833 11
38178862 45112686 17
38178862 22584705 15
38178862 8820467 11
38178862 34901822 9
38178862 9516934 10
38178862 34011105 12
23072818 30875226 9
33467743 44298647 9
33467743 4661110 9
16896144 34420921 10
16896144 49066555 11
16896144 39121610 9
16896144 47142546 12
16896144 34011105 9
16896144 29999093 13
20189334 39460551 9
29913242 46741603 10
29913242 2765127 10
29913242 28234124 9
29913242 47512135 11
29913242 39727806 13
29913242 34258527 9
29913242 33566590 13
19861712 29087869 9
19861712 26530769 9
19861712 48633367 9
19861712 15395420 9
19861712 47142546 14
19861712 30153349 9
37826769 25249901 9
37826769 28234124 14
37826769 4694696 15
37826769 43292509 9
37826769 7558327 9
37826769 31260607 10
37826769 38932883 10
37826769 22480752 12
41152725 2553995 16
21287142 48189937 11
21287142 33015959 9
26939629 4694696 9
49230066 44065267 9
49230066 40628112 9
31715573 31260607 9
49174574 4694696 10
28004661 47142546 11
37900607 48740413 9
37900607 10947223 12
37900607 23821000 11
37900607 31873816 22
37900607 42695662 11
37900607 25165735 10
2765127 47512135 10
48804179 25249901 13
48804179 39811202 10
48804179 38932883 9
48804179 45969839 9
48804179 5093863 10
48804179 32613207 9
48804179 7558327 13
48804179 43525358 9
48804179 35214397 9
48804179 28522351 10
48804179 39802951 11
48804179 31260607 10
48804179 22480752 9
20656474 31260607 10
28234124 25249901 11
28234124 20986087 9
28234124 23423571 11
28234124 28683931 22
38932883 25249901 10
38932883 44783843 10
38932883 3676607 9
38932883 42785873 9
38932883 30151246 14
38932883 4694696 11
38932883 39802951 15
38932883 28105582 9
38932883 37401506 10
38932883 32613207 11
38932883 43525358 13
38932883 47512135 10
38932883 17931818 10
38932883 26091382 10
38932883 22480752 11
45969839 14906127 9
6263227 6077196 12
6263227 46093166 10
6263227 34042762 9
6263227 34870215 9
6263227 42695662 10
6263227 1586463 9
6263227 44883425 12
6263227 25165735 11
6263227 31260607 9
31317408 48220626 9
41398729 4694696 12
41398729 30875226 9
41398729 43292509 9
8843723 48189937 11
8843723 37952187 9
8843723 44344474 13
8843723 29929006 9
44696901 4694696 9
36483569 4694696 11
17202637 42792780 10
18027004 39121610 11
43905544 30579650 10
43905544 28522351 9
43905544 43525358 9
43905544 34042762 13
43905544 46694010 11
43905544 31260607 13
43525358 39811202 10
43525358 30151246 9
43525358 22480752 12
43525358 4694696 13
43525358 39802951 10
43525358 32613207 9
43525358 30875226 13
43525358 28683931 9
43525358 38491886 9
43525358 28522351 12
43525358 31260607 12
24007193 41712056 9
24007193 39121610 10
24007193 26463571 9
24007193 34011105 10
10916385 17462491 10
10916385 32831821 16
10916385 31348197 14
10916385 48189937 9
10916385 33015959 20
37769770 17527702 12
49066555 34420921 11
49066555 39509032 10
49066555 8595845 18
49066555 41712056 10
49066555 33362691 19
49066555 13437533 9
49066555 39121610 16
49066555 37622694 11
49066555 39957833 14
49066555 45112686 11
49066555 47142546 12
49066555 41008793 9
49066555 18710472 9
49066555 29999093 9
30151246 46741603 10
30151246 25249901 12
30151246 39811202 11
30151246 22480752 9
30151246 4694696 10
30151246 32613207 15
30151246 16424308 9
30151246 17931818 10
30151246 30875226 13
30151246 48086682 12
30151246 28683931 11
30151246 26091382 9
30151246 7780223 9
46741603 25249901 9
46741603 20986087 10
46741603 39802951 13
46741603 4694696 9
46741603 32613207 12
46741603 41014130 12
46741603 28683931 10
46741603 36462029 10
46741603 30875226 10
46741603 48086682 9
11399773 39121610 10
33550950 13458408 12
33550950 44883425 10
33550950 6172259 12
22590093 38870269 10
22590093 45857252 10
25249901 40785944 11
25249901 43292509 9
25249901 18020467 10
25249901 39811202 12
25249901 20986087 11
25249901 39727806 9
25249901 32613207 17
25249901 7558327 9
25249901 17931818 11
25249901 30875226 16
25249901 48086682 12
25249901 28683931 13
25249901 28522351 9
25249901 20427762 10
25249901 4694696 17
40940177 41008793 10
40940177 31571949 9
41513622 15014002 11
41513622 39509032 9
41513622 8595845 17
41513622 41712056 15
41513622 39121610 16
41513622 9614118 13
41513622 41100186 10
41513622 9909157 9
41513622 39957833 9
41513622 45112686 14
41513622 13868567 9
41513622 13450961 10
41513622 34901822 10
41513622 34011105 11
37638937 34011105 9
43446937 4694696 12
39727806 33566590 10
39727806 47512135 11
39727806 25595603 11
39727806 7780223 10
19466357 34042762 9
38466241 39802951 10
38466241 22297019 12
38466241 37401506 28
39121610 18020467 9
39121610 43727048 9
39121610 13450961 10
39121610 39509032 18
39121610 8595845 18
39121610 41712056 16
39121610 40743645 15
39121610 33362691 19
39121610 9909157 14
39121610 26463571 9
39121610 28378095 11
39121610 12868770 9
39121610 9516934 9
39121610 39957833 14
39121610 45112686 15
39121610 2671883 9
39121610 22584705 10
39121610 46947812 11
39121610 6009086 11
39121610 15078319 9
39121610 25294417 13
39121610 16364822 9
39121610 8820467 15
39121610 16725778 10
39121610 13868567 11
39121610 34901822 9
39121610 42139275 9
39121610 34011105 11
39121610 27543667 12
39121610 18710472 9
39121610 29999093 12
26866387 5747449 10
26866387 47512135 11
3149263 10314608 10
40743645 2671883 9
40743645 15395420 11
40743645 25294417 10
34239219 29999093 10
5747449 31873816 13
5747449 48758370 12
33362691 39509032 10
33362691 16725778 9
33362691 29999093 9
40355969 31571949 10
46723858 29152656 9
39802951 39811202 10
39802951 12016077 10
39802951 22297019 9
39802951 37401506 15
39802951 17437566 9
39802951 42785873 11
39802951 17931818 10
39802951 30875226 11
39802951 37828576 9
39802951 39272444 9
9614118 8595845 9
9614118 41712056 9
48329544 34420921 13
48329544 41605359 9
48329544 2910810 9
48329544 42662514 9
48329544 37622694 10
22451046 44883425 10
22451046 15078319 9
23401340 18744641 9
17437566 7558327 9
17437566 42988085 13
17437566 30156037 9
17437566 4694696 9
40989567 5070173 9
27038593 19685274 9
34042762 9150266 10
34042762 31260607 11
33015959 32831821 17
33015959 31348197 25
49525658 13458408 14
49525658 44883425 9
49525658 41008793 11
49525658 29999093 10
37401506 22297019 12
37622694 34420921 14
37622694 39957833 9
37622694 5070173 13
37622694 41194917 9
15078319 10706488 12
15078319 41008793 9
15078319 16725778 10
34870215 4694696 11
34870215 30430436 13
34870215 44883425 9
34870215 49293152 10
34870215 22480752 10
34870215 31260607 14
9057230 16972852 67
9057230 6157645 66
35804112 40753145 9
26530769 47142546 10
19289051 2671883 11
19289051 30430436 14
19289051 31814956 9
19289051 48758370 9
19289051 25294417 10
19289051 22405049 11
20427762 4694696 11
32613207 40785944 9
32613207 49224382 10
32613207 39811202 14
32613207 38672540 9
32613207 44783843 10
32613207 20986087 10
32613207 22480752 14
32613207 4694696 11
32613207 27933458 10
32613207 17931818 9
32613207 30875226 16
32613207 28683931 12
32613207 45686623 11
32613207 26091382 9
39765861 4694696 10
39765861 30875226 9
34420921 39957833 12
34420921 5070173 11
34420921 41194917 12
34420921 41164399 9
34420921 47142546 14
34420921 29999093 11
23537855 26664095 11
13868567 8595845 9
48616591 19496450 10
49935214 46708445 9
11910683 49372211 9
11910683 22405049 10
45814949 46939692 9
45814949 4694696 11
7558327 47512135 9
7558327 21582481 11
7558327 4694696 10
7558327 44783843 10
7558327 31260607 10
7558327 39460551 10
7558327 28522351 15
7558327 22480752 10
20970333 18020467 9
15086687 47593902 10
15086687 4694696 16
15086687 27253536 9
15086687 41366012 9
23049436 21272787 9
23049436 29087869 11
23049436 18744641 11
18144308 19496450 10
16364822 15002169 10
48731424 25294417 9
39957833 27543667 12
39957833 8595845 11
39957833 41194917 9
39957833 47142546 12
39957833 18710472 9
39957833 29999093 13
6157645 16972852 68
16307536 45120123 10
16307536 5070173 12
35853662 4694696 10
31855968 37181642 10
31855968 28777010 9
31855968 4694696 11
20986087 20469819 11
20986087 38672540 9
20986087 44783843 9
20986087 28683931 11
30579650 1514386 9
30579650 19496450 12
30579650 3356215 9
30579650 22445786 10
30579650 42792780 10
30579650 31260607 10
41194917 47142546 9
14702015 22405049 11
40974592 4694696 12
30875226 40785944 10
30875226 39811202 18
30875226 44783843 14
30875226 16419110 9
30875226 12016077 10
30875226 40628112 12
30875226 22480752 12
30875226 4694696 23
30875226 44382985 9
30875226 35838731 9
30875226 27933458 9
30875226 29929006 10
30875226 30156037 9
30875226 16424308 9
30875226 36462029 12
30875226 30006754 12
30875226 48086682 10
30875226 24526538 10
30875226 46694010 9
30875226 43292509 13
30875226 28522351 12
25294417 41712056 12
25294417 4694696 9
25294417 2671883 12
25294417 41008793 9
6172259 13458408 9
8776883 1245504 9
22255231 11122997 19
23557763 22781036 9
23557763 36462029 11
47142546 26463571 10
47142546 29999093 12
23623318 34011105 11
3631387 36676905 9
840648 30359285 10
45201075 8903591 13
37803725 4694696 9
46708445 13458408 9
16419110 4694696 12
16419110 48086682 10
40628112 30415514 10
40628112 4694696 10
40628112 13368824 9
38491886 28522351 9
38491886 31260607 9
8820467 39509032 16
8820467 8595845 14
8820467 34901822 9
8820467 34011105 10
2359493 48220626 9
2359493 4139197 9
42139275 45112686 11
42792780 42291646 10
42792780 30357330 14
42792780 5423088 15
30357330 28777010 9
30357330 5423088 10
43292509 18020467 10
43292509 4694696 16
43292509 22480752 11
43292509 27933458 9
43292509 28683931 9
43292509 46694010 11
43292509 28522351 10
22480752 39811202 12
22480752 44783843 13
22480752 17955986 9
22480752 3676607 10
22480752 4694696 14
22480752 30156037 9
22480752 39460551 10
22480752 46694010 12
22480752 28522351 9
22480752 31260607 11
24844133 36676905 10
28522351 4694696 13
28522351 47512135 9
28522351 45923948 9
28522351 31260607 15
17135472 4694696 11
7780223 36462029 9
39712641 22781036 12
9516934 39509032 11
9516934 41712056 10
9516934 22584705 9
9516934 34011105 9
7968657 37952187 15
7968657 44344474 9
7968657 7159703 10
21582481 4694696 11
48086682 4694696 12
48086682 46694010 10
28683931 44783843 10
28683931 45448495 9
28683931 23423571 27
25597894 3479641 10
25597894 36462029 9
34011105 8595845 19
34011105 41712056 11
34011105 39509032 12
34011105 45112686 13
34011105 2671883 9
34011105 22584705 14
40785944 4694696 10
40785944 35265333 9
48740413 30359285 11
3479641 35356076 9
3479641 36462029 14
18020467 4694696 17
39811202 4694696 11
39811202 4661110 9
39811202 36462029 9
39811202 31260607 9
38672540 4694696 11
38672540 26091382 10
3078334 25165735 9
43727048 15395420 11
37181642 47593902 9
41195734 42695662 13
41195734 25165735 9
44783843 4694696 18
44783843 27933458 10
44783843 26091382 9
44783843 31260607 10
38123756 35356076 16
38123756 2244171 9
41605359 22405049 10
8595845 29277543 11
8595845 22944606 11
8595845 7633852 18
8595845 17906662 11
8595845 39509032 16
8595845 45112686 19
8595845 2671883 9
8595845 22584705 9
8595845 13450961 10
8595845 28378095 12
8595845 18710472 10
45498702 38738874 9
11122997 19291433 9
21292105 1586463 10
4307323 13458408 10
4307323 1586463 12
4307323 5070173 13
11958664 31260607 11
41712056 45112686 9
3676607 4694696 11
3676607 31260607 10
12016077 4694696 9
12638671 5630387 9
45857252 38870269 14
4694696 44065267 9
4694696 44639529 9
4694696 49293152 10
4694696 29929006 10
4694696 45838100 9
4694696 15538717 13
4694696 30153293 11
4694696 49224382 9
4694696 11639589 9
4694696 28105582 9
4694696 16424308 10
4694696 23510400 10
4694696 30156037 9
4694696 17931818 14
4694696 46694010 10
4694696 31260607 15
4694696 14966585 10
17955986 31260607 9
47512135 49211706 9
47512135 2671883 12
47512135 48758370 10
9337428 24346140 11
35086058 22405049 9
45838100 31260607 12
45120123 13458408 11
2497180 2910810 9
2497180 46939692 12
46093166 49231031 9
6544045 48447171 10
6544045 30359285 10
37952187 44344474 11
37952187 7159703 12
49224382 10354386 10
48220626 42474581 9
48220626 10354386 14
23398696 31260607 14
44382985 30006754 11
35838731 34034231 9
6077196 1586463 9
6077196 44883425 12
11639589 31260607 12
34901822 22584705 9
44344474 43818044 11
44344474 7159703 13
2910810 46939692 15
7633852 638059 10
13458408 18744641 10
13458408 29999093 12
42695662 4139197 10
42695662 31873816 12
42695662 44883425 9
42695662 22445786 12
42695662 25165735 12
4905973 31571949 10
22877418 46694010 10
22877418 31260607 9
39509032 28378095 9
39509032 45112686 18
39509032 22584705 9
9974260 20182261 9
43015214 27933458 9
49372211 22405049 9
49231031 41008793 9
42474581 10354386 10
45112686 22584705 10
16424308 17931818 10
35356076 36462029 11
14572986 31260607 9
44883425 1586463 9
44883425 5423088 9
30006754 46694010 10
19496450 5423088 14
26463571 29999093 9
4629648 48758370 9
47914512 45686623 9
28378095 13450961 9
17931818 31260607 9
41279092 28835759 12
46694010 31260607 14
49293152 31260607 10
1586463 25165735 9
6250374 31260607 11
