
(array([22075753,   230395,    33354,    11696,     3840,     1905,
           1107,      691,      438,      329,      216,      164,
            112,       99,       67,       50,       54,       35,
             24,       24,       19,        9,       14,       12,
             10,        5,        4,        7,        3,        4,
              4,        4,        2,        1,        1,        5,
              1,        2,        0,        1,        0,        0,
              0,        0,        0,        0,        0,        0]), 
array([ 1,  2,  3,  4,  5,  6,  7,  8,  9, 10, 11, 12, 13, 14, 15, 16, 17,
       18, 19, 20, 21, 22, 23, 24, 25, 26, 27, 28, 29, 30, 31, 32, 33, 34,
       35, 36, 37, 38, 39, 40, 41, 42, 43, 44, 45, 46, 47, 48, 49]))
('number of tracks', 252485)


